2025052607301150433
2025052612201600367
2025052707301150433
2025052712201600367
2025052807301158447
2025052812281600353
2025060207301200450
2025060212301600350
2025060307301150433
2025060312201600367
2025060407301150433
2025060412201600367
2025060507301150433
2025060512201600367
2025061007301150433
2025061012201600367
2025061107301151435
2025061112211600365
2025061207301150433
2025061212201600367
2025061308001150383
2025061312201400167
2025061607301150433
2025061612201600367
2025061707301150433
2025061712201600367
2025061807301150433
2025061812201600367
2025061907301150433
2025061912201600367
2025062008001159398
2025062012291400152
2025062307001150483
2025062312201530317
2025062407001150483
2025062412201530317
2025062507001150483
2025062512201550350
2025062607001150483
2025062612201529315
2025062710211201167
2025062712301329098
2025063007001150483
2025063012201525308
2025070107001150483
2025070112201530317
2025070207001150483
2025070212201535325
2025070307001150483
2025070312201530317
2025070407001150483
2025070412201330117
2025072807001150483
2025072812201530317
2025072907001150483
2025072912201530317
2025073007001150483
2025073012201530317
2025073107001150483
2025073112201530317
2025080107001150483
2025080112201330117
2025080407001150483
2025080412201530317
2025080507001150483
2025080512201530317
2025080607001150483
2025080612201530317
2025080707001150483
2025080712201530317
2025080807001150483
2025080812201330117
2025081107001150483
2025081112201530317
2025081207001150483
2025081212201530317
2025081307001150483
2025081312201530317
2025081407001150483
2025081412201530317
2025081507001150483
2025081512201330117
2025081807301150433
2025081812201600367
2025081907301150433
2025081912201600367
2025082007301150433
2025082012201600367
2025082107301150433
2025082112201600367
2025082208001150383
2025082212201400167
2025090107301150433
2025090112201600367
2025090207301150433
2025090212201600367
2025090307301150433
2025090312201600367
2025090407301150433
2025090412201600367
2025090508001150383
2025090512201400167
2025090807301150433
2025090812201600367
2025090907301150433
2025090912201600367
2025091007301150433
2025091012201600367
2025091107301150433
2025091112201600367
2025091208001200400
2025091507301150433
2025091512201600367
2025091607301150433
2025091612201600367
2025091707301150433
2025091712201600367
2025091807301150433
2025091812201600367
2025091908001150383
2025091912201400167
2025092207001150483
2025092212201800567
2025092307001150483
2025092312201800567
2025092407001150483
2025092412201800567
2025092507001150483
2025092512201800567
2025092607001217528
2025092612471600322
2025092907301150433
2025092912201600367
2025093007301150433
2025093012201600367
2025100107301150433
2025100112201600367
2025100207301150433
2025100212201600367
2025100308001150383
2025100312201400167
2025100607301150433
2025100612201600367
2025100707301150433
2025100712201600367
2025100807301150433
2025100812201600367
2025100907301150433
2025100912201600367
2025101008001150383
2025101012201400167
2025101307301150433
2025101312201600367
2025101407301150433
2025101412201600367
2025101507301150433
2025101512201600367
2025101607301150433
2025101612201600367
2025101708001150383
2025101712201400167
2025102007301150433
2025102012201600367
2025102107301150433
2025102112201600367
2025102207301150433
2025102212201600367
2025102307301150433
2025102312201600367
2025102408001150383
2025102412201400167
